500
328 229
13 1519
141 502
115 286
378 210
347 1517
457 1117
45 1210
217 66
16 192
112 477
259 1233
14 1150
102 1467
333 1437
280 860
113 920
302 570
415 1781
4 1555
413 327
358 866
175 570
80 441
491 1564
173 210
48 779
50 736
434 705
310 542
414 89
374 941
275 256
499 1889
194 162
283 601
425 1288
317 1814
442 741
296 394
361 143
24 1355
117 1584
149 164
438 477
444 207
195 570
233 1302
428 748
84 759
182 430
344 547
360 1919
350 1328
37 1248
326 351
274 1494
126 335
237 778
139 1896
328 1410
286 450
351 665
432 1574
398 115
118 1684
17 1649
162 822
138 136
109 1871
483 1162
449 1471
162 436
336 1023
203 1812
469 1317
235 293
136 286
127 1526
288 1104
135 1530
300 878
460 1196
205 742
113 284
261 1011
47 1548
25 1764
57 314
322 328
406 1394
217 1222
33 789
196 1221
240 1084
129 1989
284 1763
483 24
349 1477
59 1397
454 1100
385 547
394 1313
175 229
151 891
81 930
2 1954
370 1794
369 540
498 1026
391 366
260 1870
55 1783
321 612
431 1309
260 1248
102 314
192 1562
83 1105
489 1595
473 1087
471 2
307 664
251 40
58 1903
186 1800
426 1653
158 491
30 494
450 1162
485 162
44 1499
249 1672
36 1558
273 1569
65 263
338 974
485 1126
85 543
271 1787
311 867
494 434
476 1105
387 1495
354 412
366 639
205 1376
333 765
225 1843
265 925
62 508
116 132
174 44
302 1135
118 1206
113 15
37 1450
324 121
118 139
464 65
441 677
37 1053
122 571
343 995
110 1105
68 1482
479 1808
293 1181
243 498
402 969
414 834
98 194
50 1350
221 726
217 842
240 1770
374 111
345 1339
331 202
32 825
373 695
410 1765
56 510
99 390
275 919
72 865
94 571
237 512
448 1891
39 908
414 1765
439 1128
51 104
334 1108
429 31
497 192
475 1544
435 485
86 833
249 986
110 1771
206 1849
31 338
195 5
200 544
475 1606
402 932
147 867
357 1961
375 1605
285 1356
368 997
80 389
152 446
496 120
297 1507
278 125
383 643
30 103
300 977
258 1883
437 1088
81 117
492 1041
42 1744
96 141
305 140
346 1766
121 827
62 1929
456 1167
127 1186
305 82
318 168
215 1347
299 1158
268 648
479 535
105 1372
367 644
123 544
203 269
344 1322
154 937
162 1903
385 1917
38 20
235 1273
289 205
38 1102
110 1037
136 272
478 715
452 141
451 501
190 584
81 898
427 1113
361 620
314 1653
335 1084
5 1368
419 1136
154 1909
340 213
481 1799
69 542
60 1823
55 1521
284 319
140 578
310 432
368 703
105 1408
325 1747
136 1036
251 515
464 1860
434 105
48 1300
217 1699
142 91
2 684
395 268
327 537
83 1519
227 1130
362 876
288 20
58 155
484 1809
354 1852
77 1118
19 1710
190 1193
283 304
221 262
22 632
187 1842
478 1631
498 1763
21 1841
184 431
350 512
342 211
182 1598
287 1811
448 833
499 1272
384 317
474 1905
122 1771
84 2000
410 1661
91 1806
212 51
92 1509
474 681
401 1907
211 1643
343 1770
377 1661
128 547
82 1613
360 222
196 1787
20 1759
241 456
103 1673
471 943
180 626
421 1629
447 467
115 49
338 396
205 673
143 1771
36 1981
396 572
180 1314
261 819
348 1728
275 679
481 57
60 1797
497 535
92 1190
493 544
20 223
306 890
177 1493
403 643
224 1242
262 237
198 1843
296 390
131 91
363 894
1 1065
474 1652
276 1407
369 1926
380 1510
344 404
187 884
36 1944
341 1886
170 1277
161 1359
435 256
369 1844
154 1039
159 1366
210 669
207 1428
152 1136
66 393
216 1362
482 777
347 1533
463 357
316 1166
155 832
281 1708
1 623
147 431
221 1610
297 1243
336 660
239 905
227 1384
110 1047
243 1626
462 1966
408 1508
87 1350
44 582
264 1360
325 1269
172 192
420 1950
385 482
345 636
116 1652
102 302
13 95
126 974
313 1741
394 150
234 849
454 1290
295 399
368 1427
197 1013
205 500
76 1344
353 12
458 1538
441 1578
454 219
399 871
113 361
412 1962
357 1061
238 103
286 511
470 1738
63 935
69 1642
238 1368
272 1145
305 650
487 1547
457 907
314 1670
369 1827
259 874
426 1858
281 914
460 326
381 1765
244 922
133 1540
127 1721
327 568
393 1593
267 993
321 490
141 901
40 1462
147 481
140 688
164 1829
277 166
71 309
119 785
356 313
362 439
33 850
209 678
278 955
213 128
106 1706
216 798
464 1577
300 1938
357 41
439 1804
392 1180
195 977
4 1931
181 612
386 799
437 1827
489 1712
215 1103
383 1505
280 1639
309 1839
113 1000
113 559
224 995
15 797
173 1370
348 1635
208 1484
85 1722
240 1884
66 1275
274 56
465 807
304 1156
340 56
43 1317
220 278
444 946
94 103
134 777
168 434
233 670
20000