1000
655 457
26 3038
282 1004
229 572
755 420
693 3034
914 2234
90 2419
433 131
31 384
224 953
518 2466
28 2299
204 2933
666 2873
559 1719
226 1840
604 1140
829 3561
7 3109
826 654
715 1732
349 1139
160 882
981 3128
345 419
95 1557
100 1471
868 1409
619 1084
827 178
748 1882
550 512
997 3778
388 323
566 1201
850 2575
634 3627
883 1482
592 788
722 285
47 2709
234 3167
297 327
876 954
888 414
390 1139
465 2604
855 1495
167 1517
364 859
687 1094
719 3837
700 2655
74 2496
651 701
547 2987
251 670
474 1555
277 3791
656 2819
571 900
702 1329
864 3148
795 230
235 3367
33 3298
324 1644
275 272
217 3741
966 2324
898 2941
323 871
672 2045
406 3624
937 2634
470 586
272 572
253 3052
575 2208
270 3060
599 1755
920 2391
409 1483
225 567
522 2022
94 3096
49 3528
113 627
643 656
812 2788
433 2443
66 1577
391 2441
480 2168
258 3978
567 3526
966 48
697 2953
118 2793
907 2200
769 1093
788 2626
349 457
301 1781
162 1859
4 3907
740 3588
737 1079
996 2051
781 732
520 3739
109 3566
641 1223
862 2618
520 2495
204 627
383 3124
166 2210
977 3190
945 2173
941 3
614 1328
501 80
115 3806
372 3600
852 3305
315 981
60 987
900 2324
970 323
88 2998
498 3343
71 3116
546 3137
129 526
676 1947
970 2252
170 1086
541 3574
622 1734
988 868
952 2209
774 2990
707 824
731 1277
409 2752
666 1530
449 3685
530 1850
124 1016
231 263
347 87
603 2269
236 2411
226 30
73 2900
647 242
235 277
928 129
881 1354
73 2106
244 1141
686 1989
220 2209
136 2963
958 3615
585 2361
485 996
804 1938
827 1668
195 387
100 2700
442 1452
434 1684
479 3539
747 222
690 2677
662 404
63 1650
746 1390
820 3530
112 1019
197 780
550 1838
144 1729
188 1141
474 1024
896 3782
78 1816
828 3529
877 2255
101 208
668 2215
857 61
993 383
949 3087
870 969
171 1665
498 1972
219 3542
411 3697
61 675
389 9
400 1087
949 3212
804 1864
293 1733
714 3922
749 3209
570 2712
736 1994
159 778
304 892
992 240
594 3014
556 250
766 1285
59 206
599 1953
515 3766
874 2176
162 233
984 2081
83 3488
191 281
610 279
692 3531
241 1654
123 3857
912 2334
253 2372
609 163
635 336
430 2693
598 2316
536 1296
958 1069
210 2744
734 1287
245 1088
406 537
688 2644
308 1873
324 3806
770 3833
75 39
470 2545
577 410
76 2203
219 2073
272 543
956 1430
903 282
901 1001
379 1168
162 1795
854 2226
721 1240
627 3306
670 2167
9 2736
837 2272
307 3817
680 425
962 3597
138 1084
119 3645
110 3041
567 637
279 1155
620 863
735 1405
209 2816
650 3494
271 2071
501 1029
928 3720
867 209
95 2599
434 3398
284 181
4 1367
790 536
653 1073
166 3037
453 2260
723 1752
575 40
115 309
968 3618
708 3703
153 2235
37 3419
379 2386
566 607
441 523
43 1263
374 3683
956 3261
996 3526
41 3682
367 861
699 1023
683 422
363 3196
574 3622
896 1665
998 2543
768 634
948 3809
243 3542
167 3999
820 3321
182 3611
423 102
184 3017
947 1361
802 3813
422 3286
686 3540
753 3321
255 1093
164 3226
719 443
392 3573
40 3517
482 912
205 3345
941 1886
359 1251
841 3258
893 933
229 97
676 792
409 1345
286 3541
72 3961
792 1144
360 2628
522 1638
696 3456
550 1357
962 114
119 3593
994 1070
183 2379
986 1088
40 445
611 1780
354 2985
806 1285
447 2484
524 474
395 3685
591 779
261 182
726 1787
2 2130
948 3304
552 2814
737 3852
760 3019
687 808
373 1767
72 3887
681 3772
339 2553
322 2718
869 511
738 3687
308 2078
317 2732
419 1337
413 2856
303 2271
131 786
431 2724
963 1553
694 3065
925 713
631 2332
309 1664
562 3415
1 1245
294 861
441 3219
594 2485
671 1320
477 1810
453 2768
219 2094
485 3252
923 3932
816 3015
174 2699
87 1163
528 2720
649 2537
344 383
839 3900
770 963
689 1272
231 3304
204 604
26 190
251 1947
626 3481
787 299
467 1698
908 2580
590 797
736 2853
394 2025
410 1000
152 2688
705 23
915 3076
882 3155
907 437
798 1742
225 721
824 3924
713 2122
476 206
571 1021
940 3475
125 1870
137 3283
476 2735
544 2290
610 1300
973 3094
913 1813
628 3339
737 3654
517 1748
851 3715
562 1827
919 652
762 3529
487 1844
266 3080
254 3441
653 1136
785 3186
534 1985
642 980
282 1802
80 2923
293 961
279 1376
328 3658
554 331
142 618
237 1569
711 626
724 877
66 1700
418 1356
556 1909
426 256
212 3412
431 1596
927 3154
599 3876
713 81
878 3608
784 2359
390 1954
7 3862
361 1224
772 1598
874 3653
977 3424
430 2205
766 3010
560 3277
618 3678
226 2000
225 1118
447 1990
30 1593
345 2740
696 3270
415 2967
170 3443
479 3767
131 2549
547 111
929 1614
607 2312
679 112
86 2633
439 556
888 1892
187 206
267 1553
336 867
466 1339
346 3118
901 1553
285 3081
975 3408
432 1034
855 336
482 80
768 2210
54 3900
359 919
666 282
800 3922
668 165
773 128
973 1013
205 3438
21 2545
157 978
130 1940
686 469
578 3883
224 1905
717 1050
786 1511
172 2482
622 3948
766 2943
118 3186
839 671
988 1275
111 2371
27 3805
320 2359
694 3720
982 1538
407 3857
733 813
78 2426
708 3403
643 995
105 2856
792 1236
871 2803
615 3300
124 3262
580 3206
43 1423
546 1755
678 1518
71 2073
664 1398
13 3480
431 3369
502 433
444 3936
371 2604
913 3395
471 2898
157 1784
181 3006
535 3955
667 1107
631 3311
942 2205
794 1981
477 1785
846 2995
607 1100
331 3489
252 3403
958 355
286 3612
462 999
769 1904
584 2500
685 1553
345 118
507 3486
333 745
500 869
364 3268
265 1395
287 3606
611 2873
902 1132
570 42
530 3884
196 351
248 2950
417 2002
569 3106
247 2829
488 2646
729 2011
459 3248
18 382
302 908
415 2834
250 1255
680 2383
378 1939
567 2175
353 1743
764 2255
339 1442
720 1859
278 1256
258 945
124 2955
198 1293
123 3043
549 3895
781 2827
190 785
222 3026
496 1133
742 2415
779 2149
612 1160
103 3411
199 1214
233 1479
184 1239
15 2901
547 519
281 187
998 224
567 1197
715 3867
130 2613
890 3084
503 421
894 51
588 1165
481 1961
452 1396
189 3955
53 1035
964 3530
490 468
842 268
411 2015
76 2364
645 2812
55 622
153 3323
577 3888
312 349
255 486
572 3132
427 2484
611 3239
634 925
795 2141
390 1846
931 1814
305 3524
603 1757
313 2330
636 247
625 3933
758 407
971 3125
213 2563
217 1084
677 333
161 983
178 2261
77 642
3 1674
462 2824
609 1925
299 134
238 1181
724 1159
720 3521
465 292
704 957
947 1084
807 3241
641 2416
678 3293
957 811
436 471
558 921
664 611
931 1089
847 583
74 245
170 3247
315 2438
767 3377
583 3774
296 1799
128 1920
706 1246
717 1649
966 1116
513 2212
506 1794
83 2450
41 3644
443 3009
331 2473
257 106
94 938
985 2762
857 3525
590 2405
974 85
784 2754
842 1104
591 165
782 3098
180 1928
532 2669
453 3753
285 744
600 1786
651 3336
504 3970
94 1926
357 1673
342 1316
687 429
879 659
338 1687
711 2030
296 2714
968 1641
834 3116
564 151
466 361
323 1034
332 475
994 3165
414 3543
527 3379
2 2694
891 2223
474 1693
56 769
531 1482
638 3099
511 2562
453 3113
53 834
274 2250
135 3800
295 1795
902 2861
497 498
30 3987
646 2494
819 981
727 649
319 2257
15 2263
418 382
231 3447
935 465
473 3880
121 2654
853 631
511 3821
734 1196
522 2890
280 1702
855 1977
484 999
468 2258
149 1572
196 3776
614 2082
765 3602
140 3540
72 1132
792 3236
875 1700
349 3827
807 2080
274 3361
3 1159
744 1223
858 2405
594 2704
502 3545
153 1830
552 1984
354 1362
566 3125
557 1546
467 3821
330 3562
194 2857
245 2343
393 957
877 3177
421 179
326 3051
485 2889
936 3324
391 1582
680 3246
841 2671
156 2029
988 152
130 2058
989 2418
340 3563
103 3581
866 1804
103 2155
933 1872
16 2960
148 1680
892 2682
994 633
77 1924
801 3970
272 1387
639 2838
408 2662
83 3489
337 3492
691 3520
547 1557
978 1298
642 2944
909 3111
500 3574
555 148
633 281
241 2586
701 3773
295 932
765 371
445 404
779 2596
721 3575
103 1818
171 2843
307 3701
30 189
333 3262
58 1202
368 1536
442 597
251 2176
422 2319
699 3247
185 697
180 324
625 3567
392 2539
700 987
510 3739
598 587
238 1889
654 1041
471 1046
683 39
921 3296
477 3692
295 2776
560 648
76 1810
968 1416
602 1226
655 3941
435 2828
257 1872
866 1238
204 1576
874 1980
110 972
391 2343
368 2355
303 2865
303 90
850 2697
406 1125
9 2319
886 2810
797 3051
997 201
933 2484
764 2035
853 3704
925 1173
795 3273
236 2487
822 1444
225 2608
195 2544
257 2777
774 2953
786 2701
698 3434
141 2574
100 3701
643 2648
41 1266
808 1806
35 2374
374 3000
135 370
932 1209
335 3062
426 720
206 542
806 2210
898 3980
375 2175
514 3742
280 3402
169 1053
936 3378
967 1974
991 3304
303 3058
892 1388
824 472
480 3945
78 577
773 3959
232 3524
693 2967
691 1628
991 3465
824 2283
375 370
810 1617
15 1084
550 507
466 1510
689 3068
689 1074
599 1561
843 2616
963 1522
111 2765
240 1932
26 2538
906 3864
575 1344
938 2499
227 2653
65 2603
844 1902
932 2872
310 2660
419 478
144 186
969 153
312 2018
119 399
241 3635
551 556
398 1859
380 2747
973 3044
714 3875
554 1717
602 3041
745 633
907 1700
671 406
854 2005
631 1672
962 3898
287 135
707 1518
223 1817
456 3894
242 3504
372 407
703 1505
558 3694
661 1470
63 1631
283 778
992 501
972 3474
844 1863
94 2715
218 2629
655 2446
995 88
52 3223
342 998
129 3224
579 841
71 3399
784 2271
213 2402
222 3331
891 955
337 3172
152 3231
40000